F=0.15;
m1=0.2;
m2=0.15;
m3=0.1;
k1=8;
k2=6;
k3=6;
k4=5;
b1=0.25;
b2=0.15;
